419     -35    -187    -461    -320    
-177      28     -54    -304     329    
-493      41     -75     182    -444    
-475     -30    -241    -182     225    
 -99    -205     302    -255      35    
 206     228     497     365    -402    
 274    -150    -157    -335    -209    
 346     315     152     298     138    
-452     355    -257     227    -192    
 471      32    -222     278     -50    
 178     172    -162      63    -485    
 179    -323    -475     340      40    
 344     350    -324    -130    -277    
-190     480     278    -377    -494    
 -79    -146    -341     141     -41    
-163    -304      -3     -49    -129    
-423    -212    -134    -293     293    
 473      97    -484     235    -270    
 387     283     430    -244     308    
  86     137     164     121     115    
